2.141203703703703845e-02
5.787037037037036716e-04
3.472222222222222029e-03
2.893518518518518358e-03
2.893518518518518358e-03
1.620370370370370280e-02
1.331018518518518531e-02
9.837962962962963284e-03
3.819444444444444753e-02
3.645833333333333565e-02
4.861111111111111188e-02
9.085648148148148251e-02
5.266203703703703498e-02
8.449074074074074125e-02
5.555555555555555247e-02
7.175925925925925875e-02
4.629629629629629373e-02
9.837962962962963284e-03
4.629629629629629373e-03
6.365740740740740387e-03
1.504629629629629546e-02
1.041666666666666609e-02
1.157407407407407343e-03
1.157407407407407343e-03
1.793981481481481469e-02
6.944444444444444059e-03
2.893518518518518358e-03
1.157407407407407343e-03
1.157407407407407343e-03
1.736111111111111015e-03
6.597222222222222376e-02
0.000000000000000000e+00
5.787037037037036716e-04
1.157407407407407343e-03
2.314814814814814686e-03
1.388888888888888812e-02
5.092592592592592310e-02
5.787037037037036716e-04
5.787037037037036716e-04
0.000000000000000000e+00
2.314814814814814686e-03
5.787037037037036716e-04
1.678240740740740908e-02
3.472222222222222029e-03
5.787037037037036716e-04
0.000000000000000000e+00
1.157407407407407343e-03
0.000000000000000000e+00
0.000000000000000000e+00
0.000000000000000000e+00
4.513888888888888812e-02
1.157407407407407343e-03
0.000000000000000000e+00
0.000000000000000000e+00
0.000000000000000000e+00
6.365740740740740387e-03
2.314814814814814686e-03
0.000000000000000000e+00
0.000000000000000000e+00
0.000000000000000000e+00
4.050925925925925701e-03
0.000000000000000000e+00
0.000000000000000000e+00
0.000000000000000000e+00
0.000000000000000000e+00
5.787037037037036716e-04
8.101851851851851402e-03
0.000000000000000000e+00
2.314814814814814686e-03
0.000000000000000000e+00
1.736111111111111015e-03
5.787037037037036716e-04
0.000000000000000000e+00
5.787037037037036716e-04
1.157407407407407343e-03
2.199074074074074125e-02
0.000000000000000000e+00
0.000000000000000000e+00
0.000000000000000000e+00
5.787037037037036716e-04
1.736111111111111015e-03
5.787037037037036716e-04
0.000000000000000000e+00
4.629629629629629373e-03
3.472222222222222029e-03
1.157407407407407343e-03
5.787037037037036716e-04
6.944444444444444059e-03
1.736111111111111015e-03
0.000000000000000000e+00
6.944444444444444059e-03
0.000000000000000000e+00
0.000000000000000000e+00
5.787037037037036716e-04
0.000000000000000000e+00
4.629629629629629373e-03
1.736111111111111015e-03
0.000000000000000000e+00
2.314814814814814686e-03
1.157407407407407343e-03
0.000000000000000000e+00
0.000000000000000000e+00
0.000000000000000000e+00
1.157407407407407343e-03
0.000000000000000000e+00
0.000000000000000000e+00
0.000000000000000000e+00
0.000000000000000000e+00
5.787037037037036716e-04
0.000000000000000000e+00
4.629629629629629373e-03
5.787037037037036716e-04
0.000000000000000000e+00
5.787037037037036716e-04
4.629629629629629373e-03
5.787037037037036716e-04
0.000000000000000000e+00
0.000000000000000000e+00
0.000000000000000000e+00
0.000000000000000000e+00
2.893518518518518358e-03
0.000000000000000000e+00
0.000000000000000000e+00
0.000000000000000000e+00
5.787037037037036716e-04
0.000000000000000000e+00
0.000000000000000000e+00
0.000000000000000000e+00
0.000000000000000000e+00
0.000000000000000000e+00
0.000000000000000000e+00
0.000000000000000000e+00
5.787037037037036716e-04
0.000000000000000000e+00
0.000000000000000000e+00
0.000000000000000000e+00
0.000000000000000000e+00
0.000000000000000000e+00
0.000000000000000000e+00
0.000000000000000000e+00
0.000000000000000000e+00
5.787037037037036716e-04
0.000000000000000000e+00
0.000000000000000000e+00
0.000000000000000000e+00
2.314814814814814686e-03
0.000000000000000000e+00
0.000000000000000000e+00
0.000000000000000000e+00
0.000000000000000000e+00
5.787037037037036716e-04
0.000000000000000000e+00
0.000000000000000000e+00
0.000000000000000000e+00
0.000000000000000000e+00
0.000000000000000000e+00
5.787037037037036716e-04
0.000000000000000000e+00
0.000000000000000000e+00
0.000000000000000000e+00
1.157407407407407343e-03
0.000000000000000000e+00
0.000000000000000000e+00
5.787037037037036716e-04
5.787037037037036716e-04
1.736111111111111015e-03
0.000000000000000000e+00
0.000000000000000000e+00
0.000000000000000000e+00
0.000000000000000000e+00
5.787037037037036716e-04
0.000000000000000000e+00
0.000000000000000000e+00
0.000000000000000000e+00
0.000000000000000000e+00
5.787037037037036716e-04
0.000000000000000000e+00
2.314814814814814686e-03
0.000000000000000000e+00
0.000000000000000000e+00
